Hofausbauten [4096]％
Lagerausbauten [4101]％
Siege
2. Pltze
3. Pltze
Windmhlen [4097]/255
Rezepte [4098]/239
Fische [4099]/49
Viecher [4100]/85
[9007]Hofausbautenstufe[9000]Keller [4104]/[4105] Felder [4106]/[4107][9000]Futterbox [4108]/[4109][9000][9104]
[9007][9104]
[9007][9104]
[9007][9104]
[9007][9104]
[9007][9104]
[9007][9104]
[9007][9104]
[9007][9104]
[9007][9104]
[9007][9104]
[9007]Lagerausbautenstufe[9000]Lagergr®e [4104]/[4105][9000]Lagerleistung [4106]/[4107][9000][9104]
[9007][9104]
[9007][9104]
[9007][9104]
[9007][9104]
[9007][9104]
[9007][9104]
[9007][9104]
[9007][9104]
[9007][9104]
[9007][9104]
[9007]Siege[9000]Tierfest [4104]/[4105] BoardWM [4106]/[4107][9000]Tiere [4108]/[4109] ReitWM [4110]/[4111][9104]
[9007][9104]
[9007][9104]
[9007][9104]
[9007][9104]
[9007][9104]
[9007][9104]
[9007][9104]
[9007][9104]
[9007][9104]
[9007][9104]
[9007]2. Pltze[9000]Tierfest [4104]/[4105] BoardWM [4106]/[4107][9000]Tiere [4108]/[4109] ReitWM [4110]/[4111][9104]
[9007][9104]
[9007][9104]
[9007][9104]
[9007][9104]
[9007][9104]
[9007][9104]
[9007][9104]
[9007][9104]
[9007][9104]
[9007][9104]
[9007]3. Pltze[9000]Tierfest [4104]/[4105] BoardWM [4106]/[4107][9000]Tiere [4108]/[4109] ReitWM [4110]/[4111][9104]
[9007][9104]
[9007][9104]
[9007][9104]
[9007][9104]
[9007][9104]
[9007][9104]
[9007][9104]
[9007][9104]
[9007][9104]
[9007][9104]
[9007]Windmhlenrang[9104][9000][4102][9104]
[9007]Windelkind[9104]
[9007]Windlehrling[9104]
[9007]Windgeselle[9104]
[9007]Windmeister[9104]
[9007]Windrat[9104]
[9007]Windreiter[9104]
[9007]Windgeneral[9104]
[9007]Windknig[9104]
[9007]Windkaiser[9104]
[9007]Windgott[9104]
[9007]Kchenrang[9104][9000][4102][9104]
[9007]Kchenhilfe[9104]
[9007]Kochlehrling[9104]
[9007]Kochgeselle[9104]
[9007]Kchenmeister[9104]
[9007]Kchenchef[9104]
[9007]1-Sterne-Koch[9104]
[9007]2-Sterne-Koch[9104]
[9007]3-Sterne-Koch[9104]
[9007]4-Sterne-Koch[9104]
[9007]Kchengott[9104]
[9007]Fischereirang[9000][4102][9104]
[9007]Schiffsjunge[9104]
[9007]Leichtmatrose[9104]
[9007]Matrose[9104]
[9007]Vollmatrose[9104]
[9007]Maat[9104]
[9007]Obermaat[9104]
[9007]Kadett[9104]
[9007]Kapitn[9104]
[9007]Vizeadmiral[9104]
[9007]Admiral[9104]
[9007]Viecherfngerrang[9000][4102][9104]
[9007]Beginnerlarve[9104]
[9007]Lehrlingswurm[9104]
[9007]Mckengeselle[9104]
[9007]Meisterfnger[9104]
[9007]Superfnger[9104]
[9007]Megafnger[9104]
[9007]Fngerknig[9104]
[9007]Fngerkaiser[9104]
[9007]Fngergott[9104]
[9007]DER Fnger[9104]
